143960900095
143972122567
143958599767
143971360752
143972649785
143993884375
143997693352
143973486867
143992774459
143965501375
143943575585
143950130346
143995411285
143951273946
143956842385
143973575885
143856379563
143967418513
143957936613
143983142367
143972064452
143972818146
143950365285
143959672613
143994353234
143985593613
143994976763
143989018613
143969640795
143992006767
143973540746
143987800095
143975920134
143990754713
143944081595
143954936559
143964039867
143975065885
143997209895
143974501559
143964923875
143998478667
143951262713
143970406246
143956517775
143949957246
143954806563
143955912546
143959240513
143998720175
143969644252
143957619475
143979684385
143987156259
144002256385
143963037246
143974085459
143985725367
143957510695
143962761334
143951571385
143959173567
143908196934
143987826275
143971950067
143978078185
143950908546
143962884563
143998933975
143954257546
143967519863
143974303213
143979719885
143992536134
143892981175
143968397346
143959646467
143990474752
143949084134
143966346875
143964751695
143976142359
143987944863
143979476463
143970731146
143954469313
143957099275
143988744867
143974614146
143968092452
143954196975
143953578875
143960149275
143946437513
143959705446
143955624259
143956134546
143983737675
143959813213
143951018375
143975810713
143935636067
143991298234
143992102134
143960960663
143960871559
143996220767
143958855752
143973456552
144000038134
143991869046
143960996913
143962146046
143955684746
143944225195
143953019259
143943491767
143979909359
143997241163
143990955585
143973415134
143986356785
143990611767
143998264113
143980957813
143973776559
143940857934
143986972759
143958497559
143954672334
143991974513
143950378895
143979734046
143964818295
143944646967
143969187495
143952010775
143995836295
143950716875
143961232159
143970640959
143981935875
143991826259
143977376367
143981191967
143950196495
143963094752
143974613059
143993323652
143995652563